26186368
29080708
36038873
33863747
31002783
27614002
32884611
26761432
30055283
29704475
26186368
29080708
36038873
33863747
31002783
27614002
32884611
26761432
30055283
29704475
26186368
29080708
36038873
33863747
31002783
27614002
32884611
26761432
30055283
29704475
26186368
29080708
36038873
33863747
31002783
27614002
32884611
26761432
30055283
29704475
26186368
29080708
36038873
33863747
31002783
27614002
32884611
26761432
30055283
29704475
26186368
29080708
36038873
33863747
31002783
27614002
32884611
26761432
30055283
29704475
